851742
850839
854056
854431
854452
851798
855164
854664
853194
856161
851334
853168
853434
852287
856267
851200
856507
854748
852338
853805
855276
853098
855362
856255
856774
856168
856294
856830
851587
854286
854339
855081
850920
851000
851455
853227
851332
855140
854456
853104
853937
853359
856197
856732
855312
852180
850930
854964
853503
852406
851924
853863
854656
854663
852421
853456
850734
851318
852440
852538
855470
852732
853445
854780
850657
851466
851424
850435
853197
851014
852497
854866
856575
852039
855049
854726
855426
854662
850554
855597
853734
851407
856466
856597
854088
852722
854345
852044
851723
853539
855891
851314
856593
853333
851274
855986
851095
852665
853910
853670
855730
850421
854889
854138
854469
855934
850837
854514
852083
852788
854385
855539
852065
854418
856154
852539
854822
852230
850343
851822
856828
853653
852782
856919
852787
854497
854790
850894
856876
850755
851584
852432
855403
852021
855332
856467
855952
854165
852344
854504
856518
854760
856413
852185
855824
856738
856890
856863
852560
853397
854983
854677
854461
853272
856220
852780
854379
854283
855454
855692
851431
855408
856912
856720
855737
856652
856595
856418
854446
852100
856136
854381
853985
855406
851447
855060
854914
852433
852896
851771
855144
852013
855591
855533
853455
850832
852352
852951
852239
852202
853354
853011
850892
853641
853834
851461
851963
855099
856574
852536
855240
854912
852110
852246
853427
850820
854152
856297
855474
854433
853016
853062
856889
853851
851547
853892
852765
854051
855570
853112
852439
853244
855237
854369
855838
853358
850963
851746
850598
852755
855613
851579
850508
856100
853986
851833
1466516
856864
850540
856311
852282
851143
852089
856848
851061
852501
853458
851957
855139
850314
852079
854742
855500
852806
852728
850304
856097
854436
851824
853682
850553
850749
851267
851942
851745
855663
856251
854688
853945
851450
856291
854262
854960
855779
854322
854791
854554
851531
856695
853160
853877
852385
851770
853048
854700
853840
854428
855605
856766
850983
854717
854513
856462
855573
851893
851190
852535
853954
854211
851181
851495
855532
854021
851821
851260
852740
854314
853824
851389
853997
851988
856096
854507
850676
854382
853555
854423
852986
853428
852559
855790
854702
856203
851266
853082
853844
856502
855689
852047
851797
851744
852258
854435
855540
851763
852811
850539
856147
850326
855636
851408
852703
853774
851049
852834
850652
854763
1466511
850981
856862
850767
852245
851414
854424
852704
853719
853817
850613
850796
852512
853373
851201
853504
851125
855267
856020
851661
853090
853606
850549
851548
855324
851632
855705
853041
855103
851810
855833
853757
856310
853419
851262
855465
850587
850823
854029
854328
855774
853133
854277
851319
851752
853392
850980
854213
855347
852815
851903
854881
855258
851388
853125
856746
853166
855253
853642
853638
855477
855760
851964
855429
853463
856313
852749
855834
856677
852263
851437
852407
856022
851456
854555
856087
853681
852269
855571
852289
856806
852991
853814
853442
854411
855248
851415
855585
851665
850795
851180
851691
856687
855269
851827
851255
851660
854123
2827704
854882
854938
853355
850688
850352
856731
855180
851659
852250
854552
854735
854697
853773
854749
850790
854016
855897
852205
852450
855820
851501
852037
850709
853784
851607
853737
852974
855981
854136
854793
854319
854544
850720
856305
855026
854119
856577
856455
856298
856438
851404
852747
856306
853130
851533
853060
856901
851412
855017
852707
852383
851410
853632
850789
854519
856222
852883
856320
854840
856130
856915
856489
855461
850624
851696
854023
851159
852789
851818
853473
855771
855481
854985
854829
855489
851874
856547
854117
854913
851032
856095
854185
856751
856169
851939
855281
850919
854691
850944
850623
850695
856316
852437
855957
850612
851504
850506
851814
851052
853161
851896
854320
851518
852939
851738
851471
852452
856307
855599
852326
852757
854076
855890
852819
850305
851748
850520
850603
851654
851623
856501
856744
851516
852568
850764
855558
853469
853499
852838
852618
855463
855251
850552
851655
854875
856119
855275
853855
852767
852169
853376
852873
855476
853748
854347
856870
853528
851403
856317
851069
855439
853181
856219
855449
856223
852465
855789
852554
853447
850883
853452
852016
852835
854543
851955
851554
853265
856570
850628
853942
851150
853806
850585
853462
855344
852762
853639
856471
856680
851998
852825
855862
856553
854399
854430
851005
854898
851979
850455
852766
853385
853936
851919
850584
851973
855499
851532
856465
853097
851615
854765
851777
853702
852025
851906
850499
855620
851928
856079
854019
853780
856063
852071
853340
853961
854999
850909
855458
853752
852240
855690
855243
855161
851453
852371
855514
850555
851886
855505
852735
854909
856891
852885
855399
853410
851860
855884
853470
856676
852987
855873
853646
856571
853335
853849
851161
850777
855083
853807
852990
851391
855592
853551
855745
852937
854956
853191
850893
856091
850693
855119
855356
851719
851309
856042
852075
855460
851560
856145
856228
850760
855649
855404
854814
851033
855883
852492
850589
852060
850529
855609
852491
853895
854883
853479
851073
852842
852449
851193
855204
856412
854832
850401
852647
853705
851969
852109
854331
852398
856126
853958
851982
853285
852866
852255
853417
855066
856529
854270
856604
855335
852779
851024
854392
851530
854078
850696
850808
851499
855158
856815
856029
851761
854813
856841
852982
852451
853298
856431
855726
856655
856312
855013
855549
855950
851897
856603
856904
855750
851565
856569
852956
852545
853369
850543
855310
852555
855782
855911
856716
851306
852888
850298
852876
854487
856742
854747
853871
852556
850912
854732
850860
852122
854827
855841
852144
853530
851099
852908
852983
856419
853195
856760
853576
850713
853527
851757
850691
856264
855943
855845
853348
854026
850656
855320
851576
855892
853857
850846
852098
854937
856488
855118
856011
855725
850998
855280
856459
856522
855564
853438
850504
855068
851322
855979
856023
853649
855043
856201
850982
855260
856726
851768
852261
850419
853956
856473
854825
854926
853909
851782
856918
853371
852457
853498
850818
852372
854353
853520
850951
850515
850649
853183
856218
852966
855928
855975
851363
852964
851460
855459
856470
852495
853847
854933
854085
856012
851789
854434
855342
853050
850370
852612
855621
851416
855357
852606
851208
852194
854518
850611
852673
853990
852918
853767
850863
851882
851027
853418
853535
853364
856727
850625
852973
851830
855561
856226
850740
856229
856371
854786
854993
850977
850807
854828
856395
856436
853531
856290
856398
853010
851611
856483
852549
852362
850694
850775
852805
2746858
855843
853109
851620
853821
850872
856485
852892
850643
852862
856209
852916
853475
852388
853762
852317
851614
851561
855751
856200
851475
851113
855611
856743
851624
850522
852084
854131
853029
850528
851545
855302
856723
853866
855977
855177
850905
853086
854317
854680
854265
853317
856146
851617
854977
853856
851320
853017
851931
854289
851019
852139
853409
853690
854535
855135
854157
852007
853266
850793
851634
853421
852938
852645
853830
856758
853846
854330
854059
852296
